mean: [0.65629897 0.76457309 0.43896555]
var: [0.00418913 0.00505205 0.00331689]
std: [0.06472352 0.07107777 0.05759248]
n_datapoints: 60618
